10,310
10,6
10,298
10,168
10,98
10,282
10,248
10,84
11,20
11,6
11,14
11,18
8,8
8,4
109,3
109,1
106,3
106,1
105,3
105,1
104,3
104,1
102,3
102,1
101,3
101,1
20,3
20,2
20,1
19,2
19,3
19,1
12,3
12,2
12,1
11,29
11,28
11,26
11,25
11,24
11,23
11,22
11,21
11,19
11,17
11,12
11,11
11,10
11,9
11,3
11,2
11,1
10,277
10,255
10,244
10,236
10,205
10,195
10,191
10,155
10,144
10,126
10,115
10,100
10,93
10,80
10,18
18,1
10,8
10,3
18,3
10,2
10,1
9,7
9,6
9,5
14,1
9,4
9,3
14,3
9,2
13,1
9,1
8,18
8,17
13,3
8,14
8,13
8,12
8,11
8,10
8,9
8,5
8,3
8,2
8,1
3,3
3,2
3,1
2,2
2,3
2,1
0,386
0,278
0,273
0,270
0,9
0,0
239,34
